%YAML:1.0
---
K: !!opencv-matrix
   rows: 3
   cols: 3
   dt: d
   data: [ 1.6904441123772506e+03, 0., 9.4250076009466909e+02, 0.,
       1.6983080368147560e+03, 5.1381436600306165e+02, 0., 0., 1. ]
D: !!opencv-matrix
   rows: 1
   cols: 5
   dt: d
   data: [ 9.5072785068806911e-02, 4.0633149858908334e-02,
       -7.4091920957856565e-03, -1.6263737755575181e-03,
       -9.4325339986628554e-01 ]
