{
    'b': 0.93,
    'fx': 1.69044411e+03,
    'ox': 9.42500760e+02,
    'fy': 1.69830804e+03,
    'oy': 5.13814366e+02,
}
